[41, 2, 130, 255, lenght and version and separate
## sender public key
48, 100, 193, 176, 231, 2, 44, 71, 100, 223, 13, 233, 226, 216, 238, 23, 128, 72, 196, 14, 60, 177, 152, 59, 104, 182, 55, 167, 209, 143, 22, 96,
## singature
218, 249, 237, 3, 218, 129, 45, 85, 35, 180, 87, 138, 33, 60, 231, 189, 167, 189, 255, 166, 125, 91, 36, 67, 102, 86, 27, 23, 27, 143, 124, 69, 253, 92, 189, 151, 218, 213, 23, 149, 63, 49, 56, 34, 151, 151, 127, 251, 244, 234, 110, 193, 74, 247, 72, 119, 255, 110, 140, 206, 64, 73, 112, 6,
## extra info
 0, 4, 145, 1,
## module id, method id, separate then parameter.
  5, 0, 255,
  250, 8, 136, 33, 118, 110, 214, 68, 181, 5, 72, 187, 110, 117, 120, 55, 91, 94, 66, 123, 29, 120, 224, 119, 95, 138, 236, 100, 209, 95, 71, 29, 4]


2899cc71a55d3d79e2cbd2e26b2e950915b6565765d35ca4255d85376c02741a

